$ANSIBLE_VAULT;1.1;AES256
35663566636635393138353733623262343633633834323838343161393331653437363133643661
3365323365346330636332613064643863376530616439380a396466623361303530653266623839
34356262643631376539303162626336666166323063363031626130633063366638316162396333
3664383831663639360a626633613863636163383265656339653761613364323461386365313734
39396630373830336231653939353337616634373338633134316439383335353761643637393561
63393633386362353430626439326232306661323630656337363739663962666132646364336630
33646464303163356434353632613339323230626539663066363934633437323035633261326230
30346364656535666232336538393639353333656531313431656664653030356164303236336331
61623933363234363739313765653431303138353830666364393734383935333362343335326365
36313333613764663932373964623963613934373333326162343830623362396133373533363136
66343433343838303130343836353737306333643365353530653561333439616130663064386531
63366466656533663934666134613039613461626166353232366434366465383238663433346332
32613633613232343632623033616164343632396265323230353366383333383539313731363839
62666366376336316232376461393035393034633064336261333662636633306131306430343239
30316130656230316665346665393731613630353430663864613966373461383636316535663661
63353263373164636365333037643131393765316635613465626236613531386265626533306231
39353130616430663063366137643437633162376133613762373934383463343161343564376136
3933323136373537626163663531613763373861396337653236
