$ANSIBLE_VAULT;1.1;AES256
61323135653530363761616262653765646133666635373539363364616135643362363063356433
3832373866333561396562373362393365353431346532630a313031663637663962303932646361
36303933306564656230623363643965386639366533323234363931316538353530376662633039
6363376466613262370a303962383662303537316461373433373830366332343131303530313161
37376463613165366436356366363731366164663430623031396536623466313761383734393961
34326631626135386135633165356437303337663438383364626335336333336532373531663532
62383233623031333031386239313338633566623137663766376333653739386530653633663731
66376338353464333965326531363836366432346630373830396339316537646539313135616634
35343737646236326539313861653463633136643435633563393330663933643165336564306637
66313530313565366533613138373065653064626531303835336431653364643666346530373431
31323239633137313530666239316332666234626139356633383931616238323738303334313438
38653564323034343565303463313039323862313632653065323634336465646165393535633733
30376363653165646633313066646437393562396561616235633039396132326135306162383762
35646532373162343330393362303531353962653235663132353230623636646564343666613763
653161373261373636353731653662346536
